$ 3 0.000005 5.023272298708815 86 5 50
w 400 16 424 16 0
c 424 16 424 48 0 1e-8 3.4735001420693887
w 368 16 344 16 0
g 424 48 424 56 0
f 384 72 384 16 4 1.5 0.02
w 400 88 424 88 0
c 424 88 424 120 0 1e-8 2.957684502820557
w 368 88 344 88 0
g 424 120 424 128 0
f 384 144 384 88 4 1.5 0.02
w 344 16 344 88 0
w 344 160 344 232 0
w 344 88 344 160 0
w 384 72 320 72 0
w 384 144 320 144 0
w 320 144 272 144 0
I 272 88 272 144 0 0.5 5
L 272 88 200 88 2 1 false 5 0
w 344 304 408 304 0
a 408 312 456 312 11 5 0 1000000 2.5 3.4734909874633355 100000
R 408 320 376 320 0 0 40 2.5 0 0 0.5
w 456 312 456 352 0
159 344 352 456 352 0 20 10000000000
159 280 352 344 352 0 20 10000000000
w 344 232 344 304 0
w 344 304 344 352 0
w 280 352 280 392 0
L 280 392 160 392 0 1 false 5 0
L 208 360 160 360 0 0 true 5 0
w 208 360 208 376 0
w 312 376 312 368 0
w 400 376 400 368 0
w 208 376 312 376 0
M 456 312 504 312 0 2.5
w 400 376 400 424 0
L 400 424 160 424 0 0 true 5 0
w 272 88 272 72 0
w 272 72 320 72 0
f 600 144 600 88 4 1.5 0.02
f 600 56 600 0 4 1.5 0.02
w 384 72 600 72 0
w 600 72 600 56 0
w 384 144 600 144 0
g 664 120 664 128 0
c 664 88 664 120 0 1e-8 3.1495849201428148
g 664 32 664 40 0
c 664 0 664 32 0 1e-8 3.1648575719369765
w 616 0 664 0 0
w 616 88 664 88 0
w 584 0 536 0 0
w 536 0 536 88 0
w 584 88 536 88 0
w 536 88 536 296 0
L 776 480 536 480 0 0 true 5 0
w 776 432 776 480 0
M 832 368 880 368 0 2.5
w 584 432 688 432 0
w 776 432 776 424 0
w 688 432 688 424 0
w 584 416 584 432 0
L 656 448 536 448 0 1 false 5 0
w 656 408 656 448 0
w 720 360 720 408 0
w 720 288 720 360 0
159 656 408 720 408 0 20 10000000000
159 720 408 832 408 0 20 10000000000
w 832 368 832 408 0
R 784 376 752 376 0 0 40 2.5 0 0 0.5
a 784 368 832 368 11 5 0 1000000 2.5 3.164857603909697 100000
w 720 360 784 360 0
w 536 296 720 288 0
w 208 376 208 464 0
w 208 464 432 464 0
