$ 1 0.000005 10.20027730826997 50 5 50
150 336 80 448 80 0 2 5 5
150 336 160 448 160 0 2 0 5
w 336 96 336 144 0
150 496 384 624 384 0 2 0 5
150 496 544 624 544 0 2 0 5
w 448 528 496 528 0
I 240 368 400 368 0 0.5 5
w 496 560 240 560 0
155 912 336 960 336 0 0
155 928 496 944 496 0 0
155 1264 336 1280 336 0 0
155 1280 496 1312 496 0 0
L 336 64 256 64 0 1 false 5 0
L 336 96 256 96 0 1 false 5 0
L 240 368 160 368 0 0 false 5 0
L 336 176 256 176 0 0 false 5 0
180 1008 336 1104 336 0 0.1 10000000000
180 1024 496 1120 496 0 0.1 10000000000
180 1360 336 1456 336 0 0.1 10000000000
180 1376 496 1472 496 0 0.1 10000000000
L 160 256 80 256 0 0 false 5 0
L 160 288 80 288 0 1 false 5 0
180 1072 704 1168 704 0 0.1 10000000000
180 1392 720 1488 720 0 0.1 10000000000
w 448 368 496 368 0
w 496 400 416 400 0
w 400 368 416 400 0
w 1408 352 1408 432 0
w 1424 512 1424 624 0
w 624 544 928 528 0
w 928 528 928 656 0
w 928 656 1280 656 0
w 1280 528 1280 656 0
w 624 384 912 368 0
w 912 368 912 448 0
w 912 448 1264 448 0
w 1264 368 1264 448 0
w 928 496 816 496 0
w 816 496 816 336 0
w 816 336 912 336 0
w 816 336 160 288 0
w 1056 432 368 432 0
w 1056 432 1056 352 0
w 1056 432 1408 432 0
w 1456 336 1536 336 0
w 1552 672 1392 672 0
w 1392 672 1392 720 0
w 1104 336 1120 496 0
w 1120 496 1072 704 0
w 1072 624 240 624 0
w 1072 624 1424 624 0
w 1072 512 1072 624 0
L 1232 736 1152 736 0 0 false 5 0
w 1232 736 1168 704 0
L 1520 752 1440 752 0 1 false 5 0
w 1520 752 1488 720 0
w 1120 720 1120 784 0
w 1440 736 1392 784 0
w 1120 784 1392 784 0
w 1392 784 1696 784 0
w 1696 784 1680 96 0
w 448 80 1680 96 0
w 1264 336 1264 272 0
w 160 256 1264 272 0
w 1280 496 1232 496 0
w 1232 496 1232 336 0
w 1232 336 1264 336 0
w 448 368 448 160 0
w 448 368 448 528 0
w 240 560 240 368 0
w 240 560 240 624 0
w 368 432 400 368 0
w 1552 496 1536 336 0
w 1552 496 1552 672 0
w 1472 496 1552 496 0
