$ 1 0.000005 10.20027730826997 52 5 50
t -48 208 0 208 0 1 -1.9030002683941393 4.699999999914595e-11 100
t 48 208 96 208 0 1 -1.9030002683941393 4.699999999914595e-11 100
t 144 208 192 208 0 1 -1.9030002683941393 4.699999999914595e-11 100
w 0 160 0 192 0
w 96 160 96 192 0
w 0 160 96 160 0
w 96 160 192 160 0
w 192 160 192 192 0
r -48 208 -48 272 0 470
r 48 208 48 272 0 470
r 144 208 144 272 0 470
L -48 272 -48 304 0 0 false 3.6 0
L 48 272 48 304 0 0 false 3.6 0
L 144 272 144 304 0 0 false 3.6 0
w 0 224 0 336 0
w 96 224 96 336 0
w 192 224 192 336 0
w 192 336 96 336 0
w 96 336 0 336 0
r 192 160 192 64 0 640
g 192 336 192 368 0
R 192 64 128 64 0 0 40 3.6 0 0 0.5
g 416 224 416 256 0
R 416 48 368 48 0 0 40 3.6 0 0 0.5
w 416 176 416 224 0
r 416 144 416 48 0 640
t 368 160 416 160 0 1 0.6197248323936659 0.6567660908596008 100
r 288 160 368 160 0 470
w 192 160 288 160 0
w 672 96 768 96 0
w 672 64 672 96 0
L 608 208 544 208 0 1 false 5 0
w 608 208 704 208 0
w 608 48 608 208 0
R 672 0 608 0 0 0 40 5 0 0 0.5
w 768 0 768 32 0
w 672 0 768 0 0
w 672 0 672 32 0
f 608 48 672 48 1 1.5 0.02
w 704 48 704 144 0
g 768 224 768 256 0
w 768 160 768 192 0
f 704 208 768 208 0 1.5 0.02
w 768 96 768 128 0
w 768 64 768 96 0
f 704 144 768 144 0 1.5 0.02
f 704 48 768 48 1 1.5 0.02
w 416 144 704 144 0
g 896 160 896 192 0
R 896 32 896 -16 0 0 40 5 0 0 0.5
M 896 96 960 96 0 2.5
w 832 96 832 144 0
w 832 48 832 96 0
w 896 96 896 128 0
w 896 64 896 96 0
f 832 144 896 144 0 1.5 0.02
f 832 48 896 48 1 1.5 0.02
w 768 96 832 96 0
x 941 138 974 141 4 24 out
x 510 214 523 217 4 24 d
x -79 313 -66 316 4 24 a
x 17 304 30 307 4 24 b
x 117 308 129 311 4 24 c
