$ 1 0.000005 10.20027730826997 52 5 50
w 400 96 496 96 0
w 400 64 400 96 0
L 336 208 272 208 0 0 false 5 0
L 432 144 272 144 0 1 false 5 0
w 336 208 432 208 0
w 336 48 336 208 0
R 400 0 336 0 0 0 40 5 0 0 0.5
w 496 0 496 32 0
w 400 0 496 0 0
w 400 0 400 32 0
f 336 48 400 48 5 1.5 0.02
w 432 48 432 144 0
g 496 224 496 256 0
w 496 160 496 192 0
f 432 208 496 208 4 1.5 0.02
w 496 96 496 128 0
w 496 64 496 96 0
f 432 144 496 144 4 1.5 0.02
f 432 48 496 48 5 1.5 0.02
L 656 -80 608 -80 0 0 false 5 0
w 656 -80 752 -80 0
w 656 -80 656 48 0
w 752 -16 752 48 0
g 816 64 816 96 0
g 720 64 720 96 0
w 720 16 816 16 0
w 720 16 720 32 0
f 656 48 720 48 4 1.5 0.02
f 752 48 816 48 4 1.5 0.02
w 816 16 816 32 0
w 816 0 816 16 0
f 752 -16 816 -16 5 1.5 0.02
R 816 -96 816 -144 0 0 40 5 0 0 0.5
w 816 -64 816 -32 0
f 752 -80 816 -80 5 1.5 0.02
w 496 96 560 96 0
w 560 -16 752 -16 0
w 560 -16 560 96 0
g 912 80 912 112 0
R 912 -48 912 -96 0 0 40 5 0 0 0.5
w 848 16 848 64 0
w 848 -32 848 16 0
w 912 16 912 48 0
w 912 -16 912 16 0
f 848 64 912 64 4 1.5 0.02
f 848 -32 912 -32 5 1.5 0.02
w 816 16 848 16 0
x 1102 193 1157 196 4 20 output
w 1248 16 1280 16 0
M 1184 144 1184 192 0 2.5
w 1184 16 1184 144 0
w 1184 16 1216 16 0
w 1152 16 1184 16 0
w 1232 -80 1328 -80 0
I 1328 -80 1328 80 0 0.5 5
w 1232 80 1328 80 0
L 1040 -80 960 -80 0 0 false 5 0
w 1232 -80 1040 -80 0
w 1232 -48 1232 -80 0
w 1280 112 1280 16 0
w 1040 112 1280 112 0
w 1040 16 1040 112 0
w 1088 16 1040 16 0
w 1152 -48 1232 -48 0
w 1152 80 1232 80 0
f 1232 80 1232 16 4 1.5 0.02
f 1232 -48 1232 16 5 1.5 0.02
w 1088 16 1088 64 0
w 1088 -32 1088 16 0
w 1152 16 1152 48 0
w 1152 -16 1152 16 0
f 1088 64 1152 64 4 1.5 0.02
f 1088 -32 1152 -32 5 1.5 0.02
w 912 16 1040 16 0
x 967 -49 980 -46 4 24 d
x 618 -106 631 -103 4 24 a
x 267 119 280 122 4 24 b
x 269 241 281 244 4 24 c
